i
0000100000100000000000000000010000010000
0000100000100000000000000000010000010000
0000110001100000000000000000011000110000
0000000000000000000000000000000000000000
1110011011001110000000000111001101100111
0010101010101000000000000001010101010100
0000110001100000000000000000011000110000
0000000000000000000000000000000000000000
0000110001100000000000000000011000110000
0010101010101000000000000001010101010100
1110011011001110000000000111001101100111
0000000000000000000000000000000000000000
0000110001100000000000000000011000110000
0000100000100000000000000000010000010000
0000100000100000000000000000010000010000
0
0
0000000000000000000011100
0000000000000000000011100
0000000000000000000011100
0000000000000000011100000
0000000000000000011100000
0000000000000000011100000
0
0
0000100000100000000000000000010000010000
0000100000100000000000000000010000010000
0000110001100000000000000000011000110000
0000000000000000000000000000000000000000
1110011011001110000000000111001101100111
0010101010101000000000000001010101010100
0000110001100000000000000000011000110000
0000000000000000000000000000000000000000
0000110001100000000000000000011000110000
0010101010101000000000000001010101010100
1110011011001110000000000111001101100111
0000000000000000000000000000000000000000
0000110001100000000000000000011000110000
0000100000100000000000000000010000010000
0000100000100000000000000000010000010000
















q
